商品一
0001
190
10.1
12.1
产商一
2024	1	1
2025	12	12
4
00000002	20	1	2024	12	12	15026655653
00000003	30	1	2024	12	12	15021253253
00000001	30	1	2024	4	6	16042015230
00000004	2	1	2024	1	1	12345645612
商品二
0002
200
19.1
22.1
产商二
2024	2	1
2025	11	12
2
00000001	15	0.9	2024	12	12	15456783253
00000002	10	0.79	2024	5	6	12332165445
商品三
0003
110
10.1
12.1
产商三
2024	3	1
2025	12	12
2
00000001	80	1	2024	12	23	15023485603
00000002	20	1	2024	5	26	12032035980
商品四
0004
300
10.1
12.1
产商四
2024	4	1
2025	12	12
1
00000001	15	0.9	2024	12	12	150267683253
商品五
0005
600
52.1
62.1
产商五
2024	11	3
2025	10	12
1
00000001	500	0.6	2024	12	12	15026756253
